Name                      Max Probability    beta (X)    gamma (ZZ)
----------------------  -----------------  ----------  ------------
3v3                             1              0.785         0.7858
3v2 1                           1              0.3077        0.3077
4v4                             0.539854       0.4266        1.1442
4v3 1                           0.5            0            -0.0821
4v2 2                           0.5            0.3927        0.7854
4v1 1 1 1                       0.539854       0.4266        0.4266
5v5                             0.410504       0.4423        1.1285
5v4 1                           0.398549       0.7395        0.4491
5v3 2                           0.515016       0.3675        1.0513
5v2 1 1 1                       0.878906       0.3927        0.3927
6v6                             0.301718       0.4504        1.1204
6v5 1                           0.262156       0.8683        0.2687
6v4 2                           0.426097       0.3273        1.1026
6v3 1 1 1                       0.262156       0.7025        0.2687
6v3 3                           0.375          0.7854        0.7854
6v2 1 2 1                       0.375          0.7854        0.7854
6v2 1 1 2                       0.426097       0.3273        0.4682
6v1 1 1 1 1 1                   0.301718       0.4504        0.4504
7v7                             0.217057       0.443         1.1278
7v6 1                           0.19861        0.881         0.3202
7v5 2                           0.375115       0.3667        1.0711
7v4 1 1 1                       0.241076       0.7407        0.4383
7v4 3                           0.292161       1.18          0.3538
7v3 1 2 1                       0.119413       0.26          0.102
7v3 1 1 2                       0.241334       0.1457        0.2
7v2 1 2 2                       0.226905       0.3704        0.5779
7v2 1 1 1 1 1                   0.648108       0.4107        0.4107
8v8                             0.158833       0.4449        1.1259
8v7 1                           0.146843       0.9081        0.3157
8v6 2                           0.301619       0.3683        1.0975
8v5 1 1 1                       0.140625       0.7854        0.3927
8v5 3                           0.254211       1.1322        0.4091
8v4 1 2 1                       0.0938648      0.7267        0.4889
8v4 1 1 2                       0.177734       0.5236        0.7854
8v4 4                           0.114386       0.3521        1.2154
8v3 1 3 1                       0.03125        0            -0.0821
8v3 1 2 2                       0.125          0            -0.0821
8v3 1 1 1 1 1                   0.146843       0.6627        0.3157
8v3 1 1 3                       0.0938648      0.8441        0.4889
8v3 2 1 2                       0.078125       0.3927        0.7854
8v2 1 2 1 1 1                   0.254211       0.4386        0.4091
8v2 1 1 1 1 2                   0.301619       0.3683        0.4733
8v2 1 1 2 1 1                   0.114386       0.3521        0.3554
8v2 2 2 2                       0.0674818      0.4266        0.7854
8v1 1 1 1 1 1 1 1               0.158833       0.4449        0.4449
9v9                             0.11571        0.4451        1.1256
9v8 1                           0.109303       0.9372        0.3129
9v7 2                           0.244789       0.3745        1.1033
9v6 1 1 1                       0.0957802      0.8489        0.3922
9v6 3                           0.205669       1.123         0.4127
9v5 1 2 1                       0.140625       0.7854        0.7854
9v5 1 1 2                       0.111007       0.424         0.7884
9v5 4                           0.189383       0.3741        1.1933
9v4 1 3 1                       0.0387176      0.8282        0.1967
9v4 1 2 2                       0.0807442      0.1397        1.0208
9v4 1 1 1 1 1                   0.167212       0.679         0.5597
9v4 1 1 3                       0.128575       0.8762        0.4332
9v4 2 1 2                       0.140625       0.7854        0.7854
9v3 1 3 2                       0.140625       0.7854        0.7854
9v3 1 2 1 1 1                   0.117356       0.5396        0.2114
9v3 1 2 3                       0.0779791      1.395         0.1634
9v3 1 1 1 1 2                   0.120637       0.2239        0.2757
9v3 1 1 2 1 1                   0.140625       0.7854        0.7854
9v3 2 2 2                       0.0994164      0.383         0.9446
9v2 1 2 1 2 1                   0.0386148      0.5361        0.4909
9v2 1 2 1 1 2                   0.211511       0.3387        0.4073
9v2 1 1 1 2 2                   0.167179       0.4352        0.6097
9v2 1 1 1 1 1 1 1               0.438882       0.418         0.418
10v10                           0.0842394      0.4447        1.1261
10v9 1                          0.0818343      0.9525        0.3203
10v8 2                          0.197174       0.3824        1.1047
10v7 1 1 1                      0.0726739      0.8704        0.4213
10v7 3                          0.164992       1.1324        0.4106
10v6 1 2 1                      0.0334617      0.7653        0.4883
10v6 1 1 2                      0.0715288      0.555         0.9215
10v6 4                          0.14974        0.3807        1.1907
10v5 1 3 1                      0.0246908      0.8733        0.1933
10v5 1 2 2                      0.0562172      0.176         1.0788
10v5 1 1 1 1 1                  0.0726739      0.7004        0.4213
10v5 1 1 3                      0.0876314      0.9104        0.4519
10v5 2 1 2                      0.0493531      0.4649        0.8198
10v5 5                          0.0794763      0.3969        1.1666
10v4 1 4 1                      0.018488       0.7916        0.4635
10v4 1 3 2                      0.0523999      1.3467        0.1966
10v4 1 2 1 1 1                  0.0876314      0.6603        0.4519
10v4 1 2 3                      0.0527668      0.2097        1.3511
10v4 1 1 1 1 2                  0.0715288      0.555         0.6493
10v4 1 1 2 1 1                  0.0530495      0.7008        0.4703
10v4 1 1 4                      0.0530495      0.87          0.4703
10v4 2 2 2                      0.0774587      0.3753        0.9718
10v4 2 1 3                      0.0527342      0.2136        1.3559
10v3 1 3 1 1 1                  0.0246908      0.6975        0.1933
10v3 1 3 3                      0.0267762      0.9154        0.455
10v3 1 2 1 2 1                  0.0267762      0.6554        0.455
10v3 1 2 1 1 2                  0.0527342      0.2136        0.2149
10v3 1 2 2 1 1                  0.0523999      0.2241        0.1966
10v3 1 1 1 2 2                  0.0562172      0.176         0.492
10v3 1 1 1 1 1 1 1              0.0818343      0.6183        0.3203
10v3 1 1 1 1 3                  0.0334617      0.8055        0.4883
10v3 1 1 2 1 2                  0.0527668      0.2097        0.2197
10v3 1 1 3 1 1                  0.018488       0.7792        0.4635
10v3 2 3 2                      0.0242237      0.3179        1.1136
10v3 2 2 3                      0.0561919      0.4627        0.9759
10v3 2 1 1 1 2                  0.0493531      0.4649        0.751
10v2 1 2 1 2 2                  0.0561919      0.4627        0.5949
10v2 1 2 1 1 1 1 1              0.164992       0.4384        0.4106
10v2 1 2 2 1 2                  0.0242237      0.3179        0.4572
10v2 1 1 1 2 1 1 1              0.0794763      0.3969        0.4042
10v2 1 1 1 1 1 1 2              0.197174       0.3824        0.4661
10v2 1 1 1 1 2 1 1              0.14974        0.3807        0.3801
10v2 1 1 2 2 2                  0.0774587      0.3753        0.599
10v1 1 1 1 1 1 1 1 1 1          0.0842394      0.4447        0.4447